"","V1","V2","V3"
"1",1,26,3
"2",1,26,73
"3",2,31,3
"4",2,31,81
"5",3,59,7
"6",3,59,157
"7",4,59,11
"8",4,59,131
"9",5,128,15
"10",5,128,307
"11",6,151,14
"12",6,151,284
"13",7,145,35
"14",7,145,364
"15",8,150,17
"16",8,150,381
"17",9,144,25
"18",9,144,405
"19",10,144,35
"20",10,144,367
"21",11,139,25
"22",11,139,315
"23",12,126,15
"24",12,126,348
"25",13,137,57
"26",13,137,406
"27",14,139,48
"28",14,139,375
"29",15,118,19
"30",15,118,318
"31",16,108,19
"32",16,108,329
"33",17,113,45
"34",17,113,368
"35",18,101,28
"36",18,101,254
"37",19,116,40
"38",19,116,360
"39",20,116,57
"40",20,116,357
"41",21,120,39
"42",21,120,347
"43",22,116,36
"44",22,116,398
"45",23,105,39
"46",23,105,311
"47",24,121,32
"48",24,121,360
"49",25,113,40
"50",25,113,351
"51",26,121,47
"52",26,121,460
"53",27,137,37
"54",27,137,573
"55",28,149,75
"56",28,149,485
"57",29,142,53
"58",29,142,548
"59",30,145,47
"60",30,145,492
"61",31,128,48
"62",31,128,419
"63",32,130,54
"64",32,130,430
"65",33,126,50
"66",33,126,402
"67",34,124,53
"68",34,124,346
"69",35,129,78
"70",35,129,337
"71",36,150,84
"72",36,150,490
"73",37,137,97
"74",37,137,460
"75",38,134,71
"76",38,134,416
"77",39,132,98
"78",39,132,452
"79",40,126,106
"80",40,126,424
"81",41,116,86
"82",41,116,344
"83",42,125,91
"84",42,125,373
"85",43,111,79
"86",43,111,338
"87",44,114,103
"88",44,114,433
"89",45,146,143
"90",45,146,554
"91",46,139,112
"92",46,139,462
"93",47,136,100
"94",47,136,398
"95",48,127,72
"96",48,127,463
"97",49,120,59
"98",49,120,449
"99",50,127,66
"100",50,127,510
